(kicad_pcb (version 20171130) (host pcbnew 5.0.2-bee76a0~70~ubuntu18.04.1)

  (general
    (thickness 1.6)
    (drawings 92)
    (tracks 21)
    (zones 0)
    (modules 359)
    (nets 396)
  )

  (page A4)
  (layers
    (0 F.Cu signal)
    (1 GND.Cu power)
    (2 POWER.Cu power)
    (31 B.Cu mixed)
    (32 B.Adhes user)
    (33 F.Adhes user)
    (34 B.Paste user)
    (35 F.Paste user)
    (36 B.SilkS user)
    (37 F.SilkS user)
    (38 B.Mask user)
    (39 F.Mask user)
    (40 Dwgs.User user)
    (41 Cmts.User user)
    (42 Eco1.User user)
    (43 Eco2.User user)
    (44 Edge.Cuts user)
    (45 Margin user)
    (46 B.CrtYd user)
    (47 F.CrtYd user)
    (48 B.Fab user hide)
    (49 F.Fab user hide)
  )

  (setup
    (last_trace_width 0.25)
    (trace_clearance 0.2)
    (zone_clearance 0.508)
    (zone_45_only no)
    (trace_min 0.2)
    (segment_width 0.2)
    (edge_width 0.05)
    (via_size 0.8)
    (via_drill 0.4)
    (via_min_size 0.381)
    (via_min_drill 0.254)
    (user_via 0.508 0.254)
    (uvia_size 0.3)
    (uvia_drill 0.1)
    (uvias_allowed no)
    (uvia_min_size 0.2)
    (uvia_min_drill 0.1)
    (pcb_text_width 0.3)
    (pcb_text_size 1.5 1.5)
    (mod_edge_width 0.12)
    (mod_text_size 1 1)
    (mod_text_width 0.15)
    (pad_size 9 9)
    (pad_drill 4.5)
    (pad_to_mask_clearance 0.051)
    (solder_mask_min_width 0.25)
    (aux_axis_origin 0 0)
    (grid_origin 103.34 54.61)
    (visible_elements FFFFFF7F)
    (pcbplotparams
      (layerselection 0x010fc_ffffffff)
      (usegerberextensions false)
      (usegerberattributes false)
      (usegerberadvancedattributes false)
      (creategerberjobfile false)
      (excludeedgelayer true)
      (linewidth 0.100000)
      (plotframeref false)
      (viasonmask false)
      (mode 1)
      (useauxorigin false)
      (hpglpennumber 1)
      (hpglpenspeed 20)
      (hpglpendiameter 15.000000)
      (psnegative false)
      (psa4output false)
      (plotreference true)
      (plotvalue true)
      (plotinvisibletext false)
      (padsonsilk false)
      (subtractmaskfromsilk false)
      (outputformat 1)
      (mirror false)
      (drillshape 1)
      (scaleselection 1)
      (outputdirectory ""))
  )

  (net 0 "")
  (net 1 "Net-(C1-Pad1)")
  (net 2 GND)
  (net 3 /VCCD)
  (net 4 /VDDA)
  (net 5 /10M_XTAL1)
  (net 6 GNDA)
  (net 7 /VDDD)
  (net 8 /10M_XTAL2)
  (net 9 /DRIVE_1/VCC_IO)
  (net 10 "Net-(C17-Pad2)")
  (net 11 "Net-(C18-Pad2)")
  (net 12 "Net-(C19-Pad1)")
  (net 13 /DRIVE_1/VM)
  (net 14 "Net-(C25-Pad2)")
  (net 15 "Net-(C26-Pad1)")
  (net 16 "Net-(C26-Pad2)")
  (net 17 /DRIVE_1/CA1)
  (net 18 /DRIVE_1/BMA1)
  (net 19 /DRIVE_1/BMA2)
  (net 20 /DRIVE_1/CA2)
  (net 21 /DRIVE_1/BMB1)
  (net 22 /DRIVE_1/CB1)
  (net 23 /DRIVE_1/CB2)
  (net 24 /DRIVE_1/BMB2)
  (net 25 /DRIVE_2/VCC_IO)
  (net 26 "Net-(C34-Pad2)")
  (net 27 "Net-(C35-Pad2)")
  (net 28 "Net-(C36-Pad1)")
  (net 29 /DRIVE_2/VM)
  (net 30 "Net-(C42-Pad2)")
  (net 31 "Net-(C43-Pad1)")
  (net 32 "Net-(C43-Pad2)")
  (net 33 /DRIVE_2/CA1)
  (net 34 /DRIVE_2/BMA1)
  (net 35 /DRIVE_2/BMA2)
  (net 36 /DRIVE_2/CA2)
  (net 37 /DRIVE_2/BMB1)
  (net 38 /DRIVE_2/CB1)
  (net 39 /DRIVE_2/CB2)
  (net 40 /DRIVE_2/BMB2)
  (net 41 /DRIVE_3/VCC_IO)
  (net 42 "Net-(C51-Pad2)")
  (net 43 "Net-(C52-Pad2)")
  (net 44 "Net-(C53-Pad1)")
  (net 45 /DRIVE_3/VM)
  (net 46 "Net-(C59-Pad2)")
  (net 47 "Net-(C60-Pad1)")
  (net 48 "Net-(C60-Pad2)")
  (net 49 /DRIVE_3/CA1)
  (net 50 /DRIVE_3/BMA1)
  (net 51 /DRIVE_3/BMA2)
  (net 52 /DRIVE_3/CA2)
  (net 53 /DRIVE_3/BMB1)
  (net 54 /DRIVE_3/CB1)
  (net 55 /DRIVE_3/CB2)
  (net 56 /DRIVE_3/BMB2)
  (net 57 /DRIVE_4/VCC_IO)
  (net 58 "Net-(C68-Pad2)")
  (net 59 "Net-(C69-Pad2)")
  (net 60 "Net-(C70-Pad1)")
  (net 61 /DRIVE_4/VM)
  (net 62 "Net-(C76-Pad2)")
  (net 63 "Net-(C77-Pad1)")
  (net 64 "Net-(C77-Pad2)")
  (net 65 /DRIVE_4/CA1)
  (net 66 /DRIVE_4/BMA1)
  (net 67 /DRIVE_4/BMA2)
  (net 68 /DRIVE_4/CA2)
  (net 69 /DRIVE_4/CB1)
  (net 70 /DRIVE_4/BMB1)
  (net 71 /DRIVE_4/BMB2)
  (net 72 /DRIVE_4/CB2)
  (net 73 /~PAR_ENA)
  (net 74 /PAR_STEP1)
  (net 75 /PAR_DIR1)
  (net 76 /PAR_STEP2)
  (net 77 /PAR_DIR2)
  (net 78 /PAR_STEP3)
  (net 79 /PAR_DIR3)
  (net 80 /PAR_STEP4)
  (net 81 /PAR_DIR4)
  (net 82 "Net-(J1-Pad10)")
  (net 83 "Net-(J1-Pad11)")
  (net 84 "Net-(J1-Pad12)")
  (net 85 "Net-(J1-Pad13)")
  (net 86 "Net-(J1-Pad15)")
  (net 87 "Net-(J1-Pad17)")
  (net 88 /VCC_CONT)
  (net 89 /USBIO_D+)
  (net 90 /USBIO_D-)
  (net 91 /VTARG)
  (net 92 /ATM_MISO)
  (net 93 /ATM_SCK)
  (net 94 /ATM_MOSI)
  (net 95 /~ATM_RST)
  (net 96 /DRIVE_1/ENC_A)
  (net 97 /DRIVE_1/ENC_B)
  (net 98 /DRIVE_1/ENC_N)
  (net 99 "Net-(J10-Pad2)")
  (net 100 /DRIVE_2/ENC_A)
  (net 101 /DRIVE_2/ENC_B)
  (net 102 /DRIVE_2/ENC_N)
  (net 103 "Net-(J11-Pad2)")
  (net 104 /RST)
  (net 105 /SWDCLK)
  (net 106 /SWDIO)
  (net 107 "Net-(J16-Pad2)")
  (net 108 /DRIVE_3/ENC_N)
  (net 109 /DRIVE_3/ENC_B)
  (net 110 /DRIVE_3/ENC_A)
  (net 111 "Net-(J17-Pad2)")
  (net 112 /DRIVE_4/ENC_N)
  (net 113 /DRIVE_4/ENC_B)
  (net 114 /DRIVE_4/ENC_A)
  (net 115 /CYP_SDA)
  (net 116 /CYP_SCL)
  (net 117 /DRIVE_1/CLK16)
  (net 118 /DRIVE_2/CLK16)
  (net 119 /DRIVE_3/CLK16)
  (net 120 /DRIVE_4/CLK16)
  (net 121 "Net-(Q1-Pad4)")
  (net 122 "Net-(Q1-Pad3)")
  (net 123 "Net-(Q1-Pad2)")
  (net 124 "Net-(Q2-Pad2)")
  (net 125 "Net-(Q2-Pad4)")
  (net 126 "Net-(Q3-Pad2)")
  (net 127 "Net-(Q3-Pad3)")
  (net 128 "Net-(Q3-Pad4)")
  (net 129 "Net-(Q4-Pad4)")
  (net 130 "Net-(Q4-Pad2)")
  (net 131 "Net-(Q5-Pad4)")
  (net 132 "Net-(Q5-Pad3)")
  (net 133 "Net-(Q5-Pad2)")
  (net 134 "Net-(Q6-Pad4)")
  (net 135 "Net-(Q6-Pad2)")
  (net 136 "Net-(Q7-Pad4)")
  (net 137 "Net-(Q7-Pad3)")
  (net 138 "Net-(Q7-Pad2)")
  (net 139 "Net-(Q8-Pad2)")
  (net 140 "Net-(Q8-Pad4)")
  (net 141 "Net-(Q9-Pad2)")
  (net 142 "Net-(Q10-Pad3)")
  (net 143 "Net-(Q9-Pad4)")
  (net 144 "Net-(Q10-Pad2)")
  (net 145 "Net-(Q10-Pad4)")
  (net 146 "Net-(Q11-Pad4)")
  (net 147 "Net-(Q11-Pad3)")
  (net 148 "Net-(Q11-Pad2)")
  (net 149 "Net-(Q12-Pad2)")
  (net 150 "Net-(Q12-Pad4)")
  (net 151 "Net-(Q13-Pad4)")
  (net 152 "Net-(Q13-Pad3)")
  (net 153 "Net-(Q13-Pad2)")
  (net 154 "Net-(Q14-Pad2)")
  (net 155 "Net-(Q14-Pad4)")
  (net 156 "Net-(Q15-Pad4)")
  (net 157 "Net-(Q15-Pad3)")
  (net 158 "Net-(Q15-Pad2)")
  (net 159 "Net-(Q16-Pad2)")
  (net 160 "Net-(Q16-Pad4)")
  (net 161 /ATM_CS1)
  (net 162 /ATM_CS2)
  (net 163 /ATM_CS3)
  (net 164 /ATM_CS4)
  (net 165 /CYP_SCK)
  (net 166 /DRIVE_1/SCK)
  (net 167 /CYP_CS1)
  (net 168 /DRIVE_1/CS)
  (net 169 /CYP_MOSI)
  (net 170 /DRIVE_1/MOSI)
  (net 171 /CYP_MISO)
  (net 172 /DRIVE_1/MISO)
  (net 173 /DRIVE_2/SCK)
  (net 174 /DRIVE_2/CS)
  (net 175 /CYP_CS2)
  (net 176 /DRIVE_2/MOSI)
  (net 177 /DRIVE_2/MISO)
  (net 178 /DRIVE_1/~DRV_ENN)
  (net 179 /~CYP_ENA_1)
  (net 180 /~ATM_ENA)
  (net 181 /~CYP_ENA_2)
  (net 182 /DRIVE_2/~DRV_ENN)
  (net 183 /DRIVE_1/REFL_STEP)
  (net 184 /CYP_STEP1)
  (net 185 /DRIVE_1/REFR_DIR)
  (net 186 /CYP_DIR1)
  (net 187 /DRIVE_2/REFL_STEP)
  (net 188 /CYP_STEP2)
  (net 189 /DRIVE_2/REFR_DIR)
  (net 190 /CYP_DIR2)
  (net 191 /DIAG_0_1)
  (net 192 /DRIVE_1/DIAG0)
  (net 193 /DRIVE_1/DIAG1)
  (net 194 /DIAG_1_1)
  (net 195 /DIAG_0_2)
  (net 196 /DRIVE_2/DIAG0)
  (net 197 /DRIVE_2/DIAG1)
  (net 198 /DIAG_1_2)
  (net 199 /DRIVE_3/SCK)
  (net 200 /DRIVE_3/CS)
  (net 201 /CYP_CS3)
  (net 202 /DRIVE_3/MOSI)
  (net 203 /DRIVE_3/MISO)
  (net 204 /DRIVE_4/SCK)
  (net 205 /CYP_CS4)
  (net 206 /DRIVE_4/CS)
  (net 207 /DRIVE_4/MOSI)
  (net 208 /DRIVE_4/MISO)
  (net 209 /DRIVE_3/~DRV_ENN)
  (net 210 /~CYP_ENA_3)
  (net 211 /~CYP_ENA_4)
  (net 212 /DRIVE_4/~DRV_ENN)
  (net 213 /CYP_STEP3)
  (net 214 /DRIVE_3/REFL_STEP)
  (net 215 /CYP_DIR3)
  (net 216 /DRIVE_3/REFR_DIR)
  (net 217 /CYP_STEP4)
  (net 218 /DRIVE_4/REFL_STEP)
  (net 219 /CYP_DIR4)
  (net 220 /DRIVE_4/REFR_DIR)
  (net 221 /DIAG_0_3)
  (net 222 /DRIVE_3/DIAG0)
  (net 223 /DRIVE_3/DIAG1)
  (net 224 /DIAG_1_3)
  (net 225 /DRIVE_4/DIAG0)
  (net 226 /DIAG_0_4)
  (net 227 /DIAG_1_4)
  (net 228 /DRIVE_4/DIAG1)
  (net 229 "Net-(R86-Pad1)")
  (net 230 "Net-(R88-Pad1)")
  (net 231 /DRIVE_1/HA1)
  (net 232 /DRIVE_1/LA1)
  (net 233 /DRIVE_1/SRAH)
  (net 234 /DRIVE_1/SRAL)
  (net 235 /DRIVE_1/HA2)
  (net 236 /DRIVE_1/LA2)
  (net 237 /DRIVE_1/HB1)
  (net 238 /DRIVE_1/LB1)
  (net 239 /DRIVE_1/SRBH)
  (net 240 /DRIVE_1/SRBL)
  (net 241 /DRIVE_1/HB2)
  (net 242 /DRIVE_1/LB2)
  (net 243 "Net-(R105-Pad1)")
  (net 244 "Net-(R107-Pad1)")
  (net 245 /DRIVE_2/HA1)
  (net 246 /DRIVE_2/LA1)
  (net 247 /DRIVE_2/SRAH)
  (net 248 /DRIVE_2/SRAL)
  (net 249 /DRIVE_2/HA2)
  (net 250 /DRIVE_2/LA2)
  (net 251 /DRIVE_2/HB1)
  (net 252 /DRIVE_2/LB1)
  (net 253 /DRIVE_2/SRBH)
  (net 254 /DRIVE_2/SRBL)
  (net 255 /DRIVE_2/HB2)
  (net 256 /DRIVE_2/LB2)
  (net 257 "Net-(R124-Pad1)")
  (net 258 "Net-(R126-Pad1)")
  (net 259 /DRIVE_3/HA1)
  (net 260 /DRIVE_3/LA1)
  (net 261 /DRIVE_3/SRAH)
  (net 262 /DRIVE_3/SRAL)
  (net 263 /DRIVE_3/HA2)
  (net 264 /DRIVE_3/LA2)
  (net 265 /DRIVE_3/HB1)
  (net 266 /DRIVE_3/LB1)
  (net 267 /DRIVE_3/SRBH)
  (net 268 /DRIVE_3/SRBL)
  (net 269 /DRIVE_3/HB2)
  (net 270 /DRIVE_3/LB2)
  (net 271 "Net-(R143-Pad1)")
  (net 272 "Net-(R145-Pad1)")
  (net 273 /DRIVE_4/HA1)
  (net 274 /DRIVE_4/LA1)
  (net 275 /DRIVE_4/SRAH)
  (net 276 /DRIVE_4/SRAL)
  (net 277 /DRIVE_4/HA2)
  (net 278 /DRIVE_4/LA2)
  (net 279 /DRIVE_4/HB1)
  (net 280 /DRIVE_4/LB1)
  (net 281 /DRIVE_4/SRBH)
  (net 282 /DRIVE_4/SRBL)
  (net 283 /DRIVE_4/HB2)
  (net 284 /DRIVE_4/LB2)
  (net 285 "Net-(U2-Pad94)")
  (net 286 "Net-(U2-Pad93)")
  (net 287 "Net-(U2-Pad68)")
  (net 288 "Net-(U2-Pad67)")
  (net 289 "Net-(U2-Pad62)")
  (net 290 "Net-(U2-Pad61)")
  (net 291 "Net-(U2-Pad60)")
  (net 292 "Net-(U2-Pad59)")
  (net 293 "Net-(U2-Pad58)")
  (net 294 "Net-(U2-Pad57)")
  (net 295 "Net-(U2-Pad56)")
  (net 296 "Net-(U2-Pad55)")
  (net 297 "Net-(U2-Pad54)")
  (net 298 "Net-(U2-Pad53)")
  (net 299 "Net-(U2-Pad43)")
  (net 300 "Net-(U2-Pad42)")
  (net 301 "Net-(U2-Pad41)")
  (net 302 "Net-(U2-Pad40)")
  (net 303 "Net-(U2-Pad30)")
  (net 304 "Net-(U2-Pad29)")
  (net 305 "Net-(U2-Pad19)")
  (net 306 "Net-(U2-Pad18)")
  (net 307 "Net-(U2-Pad17)")
  (net 308 "Net-(U2-Pad16)")
  (net 309 "Net-(U2-Pad11)")
  (net 310 "Net-(U2-Pad9)")
  (net 311 "Net-(U2-Pad8)")
  (net 312 "Net-(U2-Pad7)")
  (net 313 "Net-(U2-Pad6)")
  (net 314 "Net-(U2-Pad3)")
  (net 315 "Net-(U2-Pad2)")
  (net 316 "Net-(U2-Pad1)")
  (net 317 "Net-(F1-Pad3)")
  (net 318 "Net-(F2-Pad3)")
  (net 319 "Net-(F3-Pad3)")
  (net 320 "Net-(F4-Pad3)")
  (net 321 "Net-(J6-Pad2)")
  (net 322 "Net-(J7-Pad1)")
  (net 323 "Net-(J7-Pad2)")
  (net 324 "Net-(J7-Pad3)")
  (net 325 "Net-(J7-Pad4)")
  (net 326 "Net-(J7-Pad5)")
  (net 327 "Net-(J7-Pad6)")
  (net 328 "Net-(J7-Pad7)")
  (net 329 "Net-(J7-Pad8)")
  (net 330 "Net-(J7-Pad9)")
  (net 331 "Net-(J7-Pad10)")
  (net 332 /DRIVE_5/VCC_IO)
  (net 333 "Net-(C85-Pad2)")
  (net 334 "Net-(C86-Pad2)")
  (net 335 "Net-(C87-Pad1)")
  (net 336 /DRIVE_5/VM)
  (net 337 "Net-(C93-Pad2)")
  (net 338 "Net-(C94-Pad1)")
  (net 339 "Net-(C94-Pad2)")
  (net 340 /DRIVE_5/BMA1)
  (net 341 /DRIVE_5/CA1)
  (net 342 /DRIVE_5/CA2)
  (net 343 /DRIVE_5/BMA2)
  (net 344 /DRIVE_5/BMB1)
  (net 345 /DRIVE_5/CB1)
  (net 346 /DRIVE_5/BMB2)
  (net 347 /DRIVE_5/CB2)
  (net 348 /PAR_DIR5)
  (net 349 /PAR_STEP5)
  (net 350 "Net-(J5-Pad2)")
  (net 351 /DRIVE_5/ENC_N)
  (net 352 /DRIVE_5/ENC_B)
  (net 353 /DRIVE_5/ENC_A)
  (net 354 /ATM_CS5)
  (net 355 "Net-(R3-Pad1)")
  (net 356 "Net-(R10-Pad1)")
  (net 357 "Net-(Q17-Pad2)")
  (net 358 /DRIVE_5/HA1)
  (net 359 "Net-(Q17-Pad4)")
  (net 360 /DRIVE_5/LA1)
  (net 361 /DRIVE_5/SRAH)
  (net 362 "Net-(Q17-Pad3)")
  (net 363 /DRIVE_5/SRAL)
  (net 364 "Net-(Q18-Pad2)")
  (net 365 /DRIVE_5/HA2)
  (net 366 /DRIVE_5/LA2)
  (net 367 "Net-(Q18-Pad4)")
  (net 368 /DRIVE_5/HB1)
  (net 369 "Net-(Q19-Pad2)")
  (net 370 /DRIVE_5/LB1)
  (net 371 "Net-(Q19-Pad4)")
  (net 372 "Net-(Q19-Pad3)")
  (net 373 /DRIVE_5/SRBH)
  (net 374 /DRIVE_5/SRBL)
  (net 375 /DRIVE_5/HB2)
  (net 376 "Net-(Q20-Pad2)")
  (net 377 "Net-(Q20-Pad4)")
  (net 378 /DRIVE_5/LB2)
  (net 379 /DRIVE_5/CLK16)
  (net 380 /DIAG_1_5)
  (net 381 /DIAG_0_5)
  (net 382 /CYP_DIR5)
  (net 383 /CYP_STEP5)
  (net 384 /~CYP_ENA_5)
  (net 385 /CYP_CS5)
  (net 386 "Net-(F5-Pad3)")
  (net 387 /DRIVE_5/SCK)
  (net 388 /DRIVE_5/CS)
  (net 389 /DRIVE_5/MOSI)
  (net 390 /DRIVE_5/MISO)
  (net 391 /DRIVE_5/~DRV_ENN)
  (net 392 /DRIVE_5/REFL_STEP)
  (net 393 /DRIVE_5/REFR_DIR)
  (net 394 /DRIVE_5/DIAG0)
  (net 395 /DRIVE_5/DIAG1)

  (net_class Default "This is the default net class."
    (clearance 0.2)
    (trace_width 0.25)
    (via_dia 0.8)
    (via_drill 0.4)
    (uvia_dia 0.3)
    (uvia_drill 0.1)
    (add_net /10M_XTAL1)
    (add_net /10M_XTAL2)
    (add_net /ATM_CS1)
    (add_net /ATM_CS2)
    (add_net /ATM_CS3)
    (add_net /ATM_CS4)
    (add_net /ATM_CS5)
    (add_net /ATM_MISO)
    (add_net /ATM_MOSI)
    (add_net /ATM_SCK)
    (add_net /CYP_CS1)
    (add_net /CYP_CS2)
    (add_net /CYP_CS3)
    (add_net /CYP_CS4)
    (add_net /CYP_CS5)
    (add_net /CYP_DIR1)
    (add_net /CYP_DIR2)
    (add_net /CYP_DIR3)
    (add_net /CYP_DIR4)
    (add_net /CYP_DIR5)
    (add_net /CYP_MISO)
    (add_net /CYP_MOSI)
    (add_net /CYP_SCK)
    (add_net /CYP_SCL)
    (add_net /CYP_SDA)
    (add_net /CYP_STEP1)
    (add_net /CYP_STEP2)
    (add_net /CYP_STEP3)
    (add_net /CYP_STEP4)
    (add_net /CYP_STEP5)
    (add_net /DIAG_0_1)
    (add_net /DIAG_0_2)
    (add_net /DIAG_0_3)
    (add_net /DIAG_0_4)
    (add_net /DIAG_0_5)
    (add_net /DIAG_1_1)
    (add_net /DIAG_1_2)
    (add_net /DIAG_1_3)
    (add_net /DIAG_1_4)
    (add_net /DIAG_1_5)
    (add_net /DRIVE_1/BMA1)
    (add_net /DRIVE_1/BMA2)
    (add_net /DRIVE_1/BMB1)
    (add_net /DRIVE_1/BMB2)
    (add_net /DRIVE_1/CA1)
    (add_net /DRIVE_1/CA2)
    (add_net /DRIVE_1/CB1)
    (add_net /DRIVE_1/CB2)
    (add_net /DRIVE_1/CLK16)
    (add_net /DRIVE_1/CS)
    (add_net /DRIVE_1/DIAG0)
    (add_net /DRIVE_1/DIAG1)
    (add_net /DRIVE_1/ENC_A)
    (add_net /DRIVE_1/ENC_B)
    (add_net /DRIVE_1/ENC_N)
    (add_net /DRIVE_1/HA1)
    (add_net /DRIVE_1/HA2)
    (add_net /DRIVE_1/HB1)
    (add_net /DRIVE_1/HB2)
    (add_net /DRIVE_1/LA1)
    (add_net /DRIVE_1/LA2)
    (add_net /DRIVE_1/LB1)
    (add_net /DRIVE_1/LB2)
    (add_net /DRIVE_1/MISO)
    (add_net /DRIVE_1/MOSI)
    (add_net /DRIVE_1/REFL_STEP)
    (add_net /DRIVE_1/REFR_DIR)
    (add_net /DRIVE_1/SCK)
    (add_net /DRIVE_1/SRAH)
    (add_net /DRIVE_1/SRAL)
    (add_net /DRIVE_1/SRBH)
    (add_net /DRIVE_1/SRBL)
    (add_net /DRIVE_1/VCC_IO)
    (add_net /DRIVE_1/VM)
    (add_net /DRIVE_1/~DRV_ENN)
    (add_net /DRIVE_2/BMA1)
    (add_net /DRIVE_2/BMA2)
    (add_net /DRIVE_2/BMB1)
    (add_net /DRIVE_2/BMB2)
    (add_net /DRIVE_2/CA1)
    (add_net /DRIVE_2/CA2)
    (add_net /DRIVE_2/CB1)
    (add_net /DRIVE_2/CB2)
    (add_net /DRIVE_2/CLK16)
    (add_net /DRIVE_2/CS)
    (add_net /DRIVE_2/DIAG0)
    (add_net /DRIVE_2/DIAG1)
    (add_net /DRIVE_2/ENC_A)
    (add_net /DRIVE_2/ENC_B)
    (add_net /DRIVE_2/ENC_N)
    (add_net /DRIVE_2/HA1)
    (add_net /DRIVE_2/HA2)
    (add_net /DRIVE_2/HB1)
    (add_net /DRIVE_2/HB2)
    (add_net /DRIVE_2/LA1)
    (add_net /DRIVE_2/LA2)
    (add_net /DRIVE_2/LB1)
    (add_net /DRIVE_2/LB2)
    (add_net /DRIVE_2/MISO)
    (add_net /DRIVE_2/MOSI)
    (add_net /DRIVE_2/REFL_STEP)
    (add_net /DRIVE_2/REFR_DIR)
    (add_net /DRIVE_2/SCK)
    (add_net /DRIVE_2/SRAH)
    (add_net /DRIVE_2/SRAL)
    (add_net /DRIVE_2/SRBH)
    (add_net /DRIVE_2/SRBL)
    (add_net /DRIVE_2/VCC_IO)
    (add_net /DRIVE_2/VM)
    (add_net /DRIVE_2/~DRV_ENN)
    (add_net /DRIVE_3/BMA1)
    (add_net /DRIVE_3/BMA2)
    (add_net /DRIVE_3/BMB1)
    (add_net /DRIVE_3/BMB2)
    (add_net /DRIVE_3/CA1)
    (add_net /DRIVE_3/CA2)
    (add_net /DRIVE_3/CB1)
    (add_net /DRIVE_3/CB2)
    (add_net /DRIVE_3/CLK16)
    (add_net /DRIVE_3/CS)
    (add_net /DRIVE_3/DIAG0)
    (add_net /DRIVE_3/DIAG1)
    (add_net /DRIVE_3/ENC_A)
    (add_net /DRIVE_3/ENC_B)
    (add_net /DRIVE_3/ENC_N)
    (add_net /DRIVE_3/HA1)
    (add_net /DRIVE_3/HA2)
    (add_net /DRIVE_3/HB1)
    (add_net /DRIVE_3/HB2)
    (add_net /DRIVE_3/LA1)
    (add_net /DRIVE_3/LA2)
    (add_net /DRIVE_3/LB1)
    (add_net /DRIVE_3/LB2)
    (add_net /DRIVE_3/MISO)
    (add_net /DRIVE_3/MOSI)
    (add_net /DRIVE_3/REFL_STEP)
    (add_net /DRIVE_3/REFR_DIR)
    (add_net /DRIVE_3/SCK)
    (add_net /DRIVE_3/SRAH)
    (add_net /DRIVE_3/SRAL)
    (add_net /DRIVE_3/SRBH)
    (add_net /DRIVE_3/SRBL)
    (add_net /DRIVE_3/VCC_IO)
    (add_net /DRIVE_3/VM)
    (add_net /DRIVE_3/~DRV_ENN)
    (add_net /DRIVE_4/BMA1)
    (add_net /DRIVE_4/BMA2)
    (add_net /DRIVE_4/BMB1)
    (add_net /DRIVE_4/BMB2)
    (add_net /DRIVE_4/CA1)
    (add_net /DRIVE_4/CA2)
    (add_net /DRIVE_4/CB1)
    (add_net /DRIVE_4/CB2)
    (add_net /DRIVE_4/CLK16)
    (add_net /DRIVE_4/CS)
    (add_net /DRIVE_4/DIAG0)
    (add_net /DRIVE_4/DIAG1)
    (add_net /DRIVE_4/ENC_A)
    (add_net /DRIVE_4/ENC_B)
    (add_net /DRIVE_4/ENC_N)
    (add_net /DRIVE_4/HA1)
    (add_net /DRIVE_4/HA2)
    (add_net /DRIVE_4/HB1)
    (add_net /DRIVE_4/HB2)
    (add_net /DRIVE_4/LA1)
    (add_net /DRIVE_4/LA2)
    (add_net /DRIVE_4/LB1)
    (add_net /DRIVE_4/LB2)
    (add_net /DRIVE_4/MISO)
    (add_net /DRIVE_4/MOSI)
    (add_net /DRIVE_4/REFL_STEP)
    (add_net /DRIVE_4/REFR_DIR)
    (add_net /DRIVE_4/SCK)
    (add_net /DRIVE_4/SRAH)
    (add_net /DRIVE_4/SRAL)
    (add_net /DRIVE_4/SRBH)
    (add_net /DRIVE_4/SRBL)
    (add_net /DRIVE_4/VCC_IO)
    (add_net /DRIVE_4/VM)
    (add_net /DRIVE_4/~DRV_ENN)
    (add_net /DRIVE_5/BMA1)
    (add_net /DRIVE_5/BMA2)
    (add_net /DRIVE_5/BMB1)
    (add_net /DRIVE_5/BMB2)
    (add_net /DRIVE_5/CA1)
    (add_net /DRIVE_5/CA2)
    (add_net /DRIVE_5/CB1)
    (add_net /DRIVE_5/CB2)
    (add_net /DRIVE_5/CLK16)
    (add_net /DRIVE_5/CS)
    (add_net /DRIVE_5/DIAG0)
    (add_net /DRIVE_5/DIAG1)
    (add_net /DRIVE_5/ENC_A)
    (add_net /DRIVE_5/ENC_B)
    (add_net /DRIVE_5/ENC_N)
    (add_net /DRIVE_5/HA1)
    (add_net /DRIVE_5/HA2)
    (add_net /DRIVE_5/HB1)
    (add_net /DRIVE_5/HB2)
    (add_net /DRIVE_5/LA1)
    (add_net /DRIVE_5/LA2)
    (add_net /DRIVE_5/LB1)
    (add_net /DRIVE_5/LB2)
    (add_net /DRIVE_5/MISO)
    (add_net /DRIVE_5/MOSI)
    (add_net /DRIVE_5/REFL_STEP)
    (add_net /DRIVE_5/REFR_DIR)
    (add_net /DRIVE_5/SCK)
    (add_net /DRIVE_5/SRAH)
    (add_net /DRIVE_5/SRAL)
    (add_net /DRIVE_5/SRBH)
    (add_net /DRIVE_5/SRBL)
    (add_net /DRIVE_5/VCC_IO)
    (add_net /DRIVE_5/VM)
    (add_net /DRIVE_5/~DRV_ENN)
    (add_net /PAR_DIR1)
    (add_net /PAR_DIR2)
    (add_net /PAR_DIR3)
    (add_net /PAR_DIR4)
    (add_net /PAR_DIR5)
    (add_net /PAR_STEP1)
    (add_net /PAR_STEP2)
    (add_net /PAR_STEP3)
    (add_net /PAR_STEP4)
    (add_net /PAR_STEP5)
    (add_net /RST)
    (add_net /SWDCLK)
    (add_net /SWDIO)
    (add_net /USBIO_D+)
    (add_net /USBIO_D-)
    (add_net /VCCD)
    (add_net /VCC_CONT)
    (add_net /VDDA)
    (add_net /VDDD)
    (add_net /VTARG)
    (add_net /~ATM_ENA)
    (add_net /~ATM_RST)
    (add_net /~CYP_ENA_1)
    (add_net /~CYP_ENA_2)
    (add_net /~CYP_ENA_3)
    (add_net /~CYP_ENA_4)
    (add_net /~CYP_ENA_5)
    (add_net /~PAR_ENA)
    (add_net GND)
    (add_net GNDA)
    (add_net "Net-(C1-Pad1)")
    (add_net "Net-(C17-Pad2)")
    (add_net "Net-(C18-Pad2)")
    (add_net "Net-(C19-Pad1)")
    (add_net "Net-(C25-Pad2)")
    (add_net "Net-(C26-Pad1)")
    (add_net "Net-(C26-Pad2)")
    (add_net "Net-(C34-Pad2)")
    (add_net "Net-(C35-Pad2)")
    (add_net "Net-(C36-Pad1)")
    (add_net "Net-(C42-Pad2)")
    (add_net "Net-(C43-Pad1)")
    (add_net "Net-(C43-Pad2)")
    (add_net "Net-(C51-Pad2)")
    (add_net "Net-(C52-Pad2)")
    (add_net "Net-(C53-Pad1)")
    (add_net "Net-(C59-Pad2)")
    (add_net "Net-(C60-Pad1)")
    (add_net "Net-(C60-Pad2)")
    (add_net "Net-(C68-Pad2)")
    (add_net "Net-(C69-Pad2)")
    (add_net "Net-(C70-Pad1)")
    (add_net "Net-(C76-Pad2)")
    (add_net "Net-(C77-Pad1)")
    (add_net "Net-(C77-Pad2)")
    (add_net "Net-(C85-Pad2)")
    (add_net "Net-(C86-Pad2)")
    (add_net "Net-(C87-Pad1)")
    (add_net "Net-(C93-Pad2)")
    (add_net "Net-(C94-Pad1)")
    (add_net "Net-(C94-Pad2)")
    (add_net "Net-(F1-Pad3)")
    (add_net "Net-(F2-Pad3)")
    (add_net "Net-(F3-Pad3)")
    (add_net "Net-(F4-Pad3)")
    (add_net "Net-(F5-Pad3)")
    (add_net "Net-(J1-Pad10)")
    (add_net "Net-(J1-Pad11)")
    (add_net "Net-(J1-Pad12)")
    (add_net "Net-(J1-Pad13)")
    (add_net "Net-(J1-Pad15)")
    (add_net "Net-(J1-Pad17)")
    (add_net "Net-(J10-Pad2)")
    (add_net "Net-(J11-Pad2)")
    (add_net "Net-(J16-Pad2)")
    (add_net "Net-(J17-Pad2)")
    (add_net "Net-(J5-Pad2)")
    (add_net "Net-(J6-Pad2)")
    (add_net "Net-(J7-Pad1)")
    (add_net "Net-(J7-Pad10)")
    (add_net "Net-(J7-Pad2)")
    (add_net "Net-(J7-Pad3)")
    (add_net "Net-(J7-Pad4)")
    (add_net "Net-(J7-Pad5)")
    (add_net "Net-(J7-Pad6)")
    (add_net "Net-(J7-Pad7)")
    (add_net "Net-(J7-Pad8)")
    (add_net "Net-(J7-Pad9)")
    (add_net "Net-(Q1-Pad2)")
    (add_net "Net-(Q1-Pad3)")
    (add_net "Net-(Q1-Pad4)")
    (add_net "Net-(Q10-Pad2)")
    (add_net "Net-(Q10-Pad3)")
    (add_net "Net-(Q10-Pad4)")
    (add_net "Net-(Q11-Pad2)")
    (add_net "Net-(Q11-Pad3)")
    (add_net "Net-(Q11-Pad4)")
    (add_net "Net-(Q12-Pad2)")
    (add_net "Net-(Q12-Pad4)")
    (add_net "Net-(Q13-Pad2)")
    (add_net "Net-(Q13-Pad3)")
    (add_net "Net-(Q13-Pad4)")
    (add_net "Net-(Q14-Pad2)")
    (add_net "Net-(Q14-Pad4)")
    (add_net "Net-(Q15-Pad2)")
    (add_net "Net-(Q15-Pad3)")
    (add_net "Net-(Q15-Pad4)")
    (add_net "Net-(Q16-Pad2)")
    (add_net "Net-(Q16-Pad4)")
    (add_net "Net-(Q17-Pad2)")
    (add_net "Net-(Q17-Pad3)")
    (add_net "Net-(Q17-Pad4)")
    (add_net "Net-(Q18-Pad2)")
    (add_net "Net-(Q18-Pad4)")
    (add_net "Net-(Q19-Pad2)")
    (add_net "Net-(Q19-Pad3)")
    (add_net "Net-(Q19-Pad4)")
    (add_net "Net-(Q2-Pad2)")
    (add_net "Net-(Q2-Pad4)")
    (add_net "Net-(Q20-Pad2)")
    (add_net "Net-(Q20-Pad4)")
    (add_net "Net-(Q3-Pad2)")
    (add_net "Net-(Q3-Pad3)")
    (add_net "Net-(Q3-Pad4)")
    (add_net "Net-(Q4-Pad2)")
    (add_net "Net-(Q4-Pad4)")
    (add_net "Net-(Q5-Pad2)")
    (add_net "Net-(Q5-Pad3)")
    (add_net "Net-(Q5-Pad4)")
    (add_net "Net-(Q6-Pad2)")
    (add_net "Net-(Q6-Pad4)")
    (add_net "Net-(Q7-Pad2)")
    (add_net "Net-(Q7-Pad3)")
    (add_net "Net-(Q7-Pad4)")
    (add_net "Net-(Q8-Pad2)")
    (add_net "Net-(Q8-Pad4)")
    (add_net "Net-(Q9-Pad2)")
    (add_net "Net-(Q9-Pad4)")
    (add_net "Net-(R10-Pad1)")
    (add_net "Net-(R105-Pad1)")
    (add_net "Net-(R107-Pad1)")
    (add_net "Net-(R124-Pad1)")
    (add_net "Net-(R126-Pad1)")
    (add_net "Net-(R143-Pad1)")
    (add_net "Net-(R145-Pad1)")
    (add_net "Net-(R3-Pad1)")
    (add_net "Net-(R86-Pad1)")
    (add_net "Net-(R88-Pad1)")
    (add_net "Net-(U2-Pad1)")
    (add_net "Net-(U2-Pad11)")
    (add_net "Net-(U2-Pad16)")
    (add_net "Net-(U2-Pad17)")
    (add_net "Net-(U2-Pad18)")
    (add_net "Net-(U2-Pad19)")
    (add_net "Net-(U2-Pad2)")
    (add_net "Net-(U2-Pad29)")
    (add_net "Net-(U2-Pad3)")
    (add_net "Net-(U2-Pad30)")
    (add_net "Net-(U2-Pad40)")
    (add_net "Net-(U2-Pad41)")
    (add_net "Net-(U2-Pad42)")
    (add_net "Net-(U2-Pad43)")
    (add_net "Net-(U2-Pad53)")
    (add_net "Net-(U2-Pad54)")
    (add_net "Net-(U2-Pad55)")
    (add_net "Net-(U2-Pad56)")
    (add_net "Net-(U2-Pad57)")
    (add_net "Net-(U2-Pad58)")
    (add_net "Net-(U2-Pad59)")
    (add_net "Net-(U2-Pad6)")
    (add_net "Net-(U2-Pad60)")
    (add_net "Net-(U2-Pad61)")
    (add_net "Net-(U2-Pad62)")
    (add_net "Net-(U2-Pad67)")
    (add_net "Net-(U2-Pad68)")
    (add_net "Net-(U2-Pad7)")
    (add_net "Net-(U2-Pad8)")
    (add_net "Net-(U2-Pad9)")
    (add_net "Net-(U2-Pad93)")
    (add_net "Net-(U2-Pad94)")
  )

  (module Capacitor_SMD:C_0603_1608Metric (layer F.Cu) (tedit 5B301BBE) (tstamp 5E2007F6)
    (at 136.36 96.52)
    (descr "Capacitor SMD 0603 (1608 Metric), square (rectangular) end terminal, IPC_7351 nominal, (Body size source: http://www.tortai-tech.com/upload/download/2011102023233369053.pdf), generated with kicad-footprint-generator")
    (tags capacitor)
    (path /5E053C35)
    (attr smd)
    (fp_text reference C1 (at -2.54 0) (layer F.SilkS)
      (effects (font (size 1 1) (thickness 0.15)))
    )
    (fp_text value 10u (at 0 1.43) (layer F.Fab)
      (effects (font (size 1 1) (thickness 0.15)))
    )
    (fp_text user %R (at 0 0) (layer F.Fab)
      (effects (font (size 0.4 0.4) (thickness 0.06)))
    )
    (fp_line (start 1.48 0.73) (end -1.48 0.73) (layer F.CrtYd) (width 0.05))
    (fp_line (start 1.48 -0.73) (end 1.48 0.73) (layer F.CrtYd) (width 0.05))
    (fp_line (start -1.48 -0.73) (end 1.48 -0.73) (layer F.CrtYd) (width 0.05))
    (fp_line (start -1.48 0.73) (end -1.48 -0.73) (layer F.CrtYd) (width 0.05))
    (fp_line (start -0.162779 0.51) (end 0.162779 0.51) (layer F.SilkS) (width 0.12))
    (fp_line (start -0.162779 -0.51) (end 0.162779 -0.51) (layer F.SilkS) (width 0.12))
    (fp_line (start 0.8 0.4) (end -0.8 0.4) (layer F.Fab) (width 0.1))
    (fp_line (start 0.8 -0.4) (end 0.8 0.4) (layer F.Fab) (width 0.1))
    (fp_line (start -0.8 -0.4) (end 0.8 -0.4) (layer F.Fab) (width 0.1))
    (fp_line (start -0.8 0.4) (end -0.8 -0.4) (layer F.Fab) (width 0.1))
    (pad 2 smd roundrect (at 0.7875 0) (size 0.875 0.95) (layers F.Cu F.Paste F.Mask) (roundrect_rratio 0.25)
      (net 2 GND))
    (pad 1 smd roundrect (at -0.7875 0) (size 0.875 0.95) (layers F.Cu F.Paste F.Mask) (roundrect_rratio 0.25)
      (net 1 "Net-(C1-Pad1)"))
    (model ${KISYS3DMOD}/Capacitor_SMD.3dshapes/C_0603_1608Metric.wrl
      (at (xyz 0 0 0))
      (scale (xyz 1 1 1))
      (rotate (xyz 0 0 0))
    )
  )

  (module Capacitor_SMD:C_0603_1608Metric (layer B.Cu) (tedit 5B301BBE) (tstamp 5E200826)
    (at 137.63 97.79 90)
    (descr "Capacitor SMD 0603 (1608 Metric), square (rectangular) end terminal, IPC_7351 nominal, (Body size source: http://www.tortai-tech.com/upload/download/2011102023233369053.pdf), generated with kicad-footprint-generator")
    (tags capacitor)
    (path /5E053675)
    (attr smd)
    (fp_text reference C2 (at 2.54 0 90) (layer B.SilkS)
      (effects (font (size 1 1) (thickness 0.15)) (justify mirror))
    )
    (fp_text value 100n (at 0 -1.43 90) (layer B.Fab)
      (effects (font (size 1 1) (thickness 0.15)) (justify mirror))
    )
    (fp_text user %R (at 0 0 90) (layer B.Fab)
      (effects (font (size 0.4 0.4) (thickness 0.06)) (justify mirror))
    )
    (fp_line (start 1.48 -0.73) (end -1.48 -0.73) (layer B.CrtYd) (width 0.05))
    (fp_line (start 1.48 0.73) (end 1.48 -0.73) (layer B.CrtYd) (width 0.05))
    (fp_line (start -1.48 0.73) (end 1.48 0.73) (layer B.CrtYd) (width 0.05))
    (fp_line (start -1.48 -0.73) (end -1.48 0.73) (layer B.CrtYd) (width 0.05))
    (fp_line (start -0.162779 -0.51) (end 0.162779 -0.51) (layer B.SilkS) (width 0.12))
    (fp_line (start -0.162779 0.51) (end 0.162779 0.51) (layer B.SilkS) (width 0.12))
    (fp_line (start 0.8 -0.4) (end -0.8 -0.4) (layer B.Fab) (width 0.1))
    (fp_line (start 0.8 0.4) (end 0.8 -0.4) (layer B.Fab) (width 0.1))
    (fp_line (start -0.8 0.4) (end 0.8 0.4) (layer B.Fab) (width 0.1))
    (fp_line (start -0.8 -0.4) (end -0.8 0.4) (layer B.Fab) (width 0.1))
    (pad 2 smd roundrect (at 0.7875 0 90) (size 0.875 0.95) (layers B.Cu B.Paste B.Mask) (roundrect_rratio 0.25)
      (net 2 GND))
    (pad 1 smd roundrect (at -0.7875 0 90) (size 0.875 0.95) (layers B.Cu B.Paste B.Mask) (roundrect_rratio 0.25)
      (net 1 "Net-(C1-Pad1)"))
    (model ${KISYS3DMOD}/Capacitor_SMD.3dshapes/C_0603_1608Metric.wrl
      (at (xyz 0 0 0))
      (scale (xyz 1 1 1))
      (rotate (xyz 0 0 0))
    )
  )

  (module Capacitor_SMD:C_0603_1608Metric (layer F.Cu) (tedit 5B301BBE) (tstamp 5E200856)
    (at 61.60835 91.306236 270)
    (descr "Capacitor SMD 0603 (1608 Metric), square (rectangular) end terminal, IPC_7351 nominal, (Body size source: http://www.tortai-tech.com/upload/download/2011102023233369053.pdf), generated with kicad-footprint-generator")
    (tags capacitor)
    (path /5F5ED121)
    (attr smd)
    (fp_text reference C3 (at 0 -1.43 270) (layer F.SilkS)
      (effects (font (size 1 1) (thickness 0.15)))
    )
    (fp_text value 1u (at 0 1.43 270) (layer F.Fab)
      (effects (font (size 1 1) (thickness 0.15)))
    )
    (fp_text user %R (at 0 0 270) (layer F.Fab)
      (effects (font (size 0.4 0.4) (thickness 0.06)))
    )
    (fp_line (start 1.48 0.73) (end -1.48 0.73) (layer F.CrtYd) (width 0.05))
    (fp_line (start 1.48 -0.73) (end 1.48 0.73) (layer F.CrtYd) (width 0.05))
    (fp_line (start -1.48 -0.73) (end 1.48 -0.73) (layer F.CrtYd) (width 0.05))
    (fp_line (start -1.48 0.73) (end -1.48 -0.73) (layer F.CrtYd) (width 0.05))
    (fp_line (start -0.162779 0.51) (end 0.162779 0.51) (layer F.SilkS) (width 0.12))
    (fp_line (start -0.162779 -0.51) (end 0.162779 -0.51) (layer F.SilkS) (width 0.12))
    (fp_line (start 0.8 0.4) (end -0.8 0.4) (layer F.Fab) (width 0.1))
    (fp_line (start 0.8 -0.4) (end 0.8 0.4) (layer F.Fab) (width 0.1))
    (fp_line (start -0.8 -0.4) (end 0.8 -0.4) (layer F.Fab) (width 0.1))
    (fp_line (start -0.8 0.4) (end -0.8 -0.4) (layer F.Fab) (width 0.1))
    (pad 2 smd roundrect (at 0.7875 0 270) (size 0.875 0.95) (layers F.Cu F.Paste F.Mask) (roundrect_rratio 0.25)
      (net 2 GND))
    (pad 1 smd roundrect (at -0.7875 0 270) (size 0.875 0.95) (layers F.Cu F.Paste F.Mask) (roundrect_rratio 0.25)
      (net 3 /VCCD))
    (model ${KISYS3DMOD}/Capacitor_SMD.3dshapes/C_0603_1608Metric.wrl
      (at (xyz 0 0 0))
      (scale (xyz 1 1 1))
      (rotate (xyz 0 0 0))
    )
  )

  (module Capacitor_SMD:C_0603_1608Metric (layer F.Cu) (tedit 5B301BBE) (tstamp 5E2008B6)
    (at 74.30835 102.736236 270)
    (descr "Capacitor SMD 0603 (1608 Metric), square (rectangular) end terminal, IPC_7351 nominal, (Body size source: http://www.tortai-tech.com/upload/download/2011102023233369053.pdf), generated with kicad-footprint-generator")
    (tags capacitor)
    (path /5EA1DBF3)
    (attr smd)
    (fp_text reference C4 (at 0 -1.43 270) (layer F.SilkS)
      (effects (font (size 1 1) (thickness 0.15)))
    )
    (fp_text value 1u (at 0 1.43 270) (layer F.Fab)
      (effects (font (size 1 1) (thickness 0.15)))
    )
    (fp_text user %R (at 0 0 270) (layer F.Fab)
      (effects (font (size 0.4 0.4) (thickness 0.06)))
    )
    (fp_line (start 1.48 0.73) (end -1.48 0.73) (layer F.CrtYd) (width 0.05))
    (fp_line (start 1.48 -0.73) (end 1.48 0.73) (layer F.CrtYd) (width 0.05))
    (fp_line (start -1.48 -0.73) (end 1.48 -0.73) (layer F.CrtYd) (width 0.05))
    (fp_line (start -1.48 0.73) (end -1.48 -0.73) (layer F.CrtYd) (width 0.05))
    (fp_line (start -0.162779 0.51) (end 0.162779 0.51) (layer F.SilkS) (width 0.12))
    (fp_line (start -0.162779 -0.51) (end 0.162779 -0.51) (layer F.SilkS) (width 0.12))
    (fp_line (start 0.8 0.4) (end -0.8 0.4) (layer F.Fab) (width 0.1))
    (fp_line (start 0.8 -0.4) (end 0.8 0.4) (layer F.Fab) (width 0.1))
    (fp_line (start -0.8 -0.4) (end 0.8 -0.4) (layer F.Fab) (width 0.1))
    (fp_line (start -0.8 0.4) (end -0.8 -0.4) (layer F.Fab) (width 0.1))
    (pad 2 smd roundrect (at 0.7875 0 270) (size 0.875 0.95) (layers F.Cu F.Paste F.Mask) (roundrect_rratio 0.25)
      (net 2 GND))
    (pad 1 smd roundrect (at -0.7875 0 270) (size 0.875 0.95) (layers F.Cu F.Paste F.Mask) (roundrect_rratio 0.25)
      (net 4 /VDDA))
    (model ${KISYS3DMOD}/Capacitor_SMD.3dshapes/C_0603_1608Metric.wrl
      (at (xyz 0 0 0))
      (scale (xyz 1 1 1))
      (rotate (xyz 0 0 0))
    )
  )

  (module Capacitor_SMD:C_0603_1608Metric (layer F.Cu) (tedit 5B301BBE) (tstamp 5E206307)
    (at 81.92835 102.736236 270)
    (descr "Capacitor SMD 0603 (1608 Metric), square (rectangular) end terminal, IPC_7351 nominal, (Body size source: http://www.tortai-tech.com/upload/download/2011102023233369053.pdf), generated with kicad-footprint-generator")
    (tags capacitor)
    (path /5EA1E1F2)
    (attr smd)
    (fp_text reference C6 (at 0 -1.43 270) (layer F.SilkS)
      (effects (font (size 1 1) (thickness 0.15)))
    )
    (fp_text value 1u (at 0 1.43 270) (layer F.Fab)
      (effects (font (size 1 1) (thickness 0.15)))
    )
    (fp_text user %R (at 0 0 270) (layer F.Fab)
      (effects (font (size 0.4 0.4) (thickness 0.06)))
    )
    (fp_line (start 1.48 0.73) (end -1.48 0.73) (layer F.CrtYd) (width 0.05))
    (fp_line (start 1.48 -0.73) (end 1.48 0.73) (layer F.CrtYd) (width 0.05))
    (fp_line (start -1.48 -0.73) (end 1.48 -0.73) (layer F.CrtYd) (width 0.05))
    (fp_line (start -1.48 0.73) (end -1.48 -0.73) (layer F.CrtYd) (width 0.05))
    (fp_line (start -0.162779 0.51) (end 0.162779 0.51) (layer F.SilkS) (width 0.12))
    (fp_line (start -0.162779 -0.51) (end 0.162779 -0.51) (layer F.SilkS) (width 0.12))
    (fp_line (start 0.8 0.4) (end -0.8 0.4) (layer F.Fab) (width 0.1))
    (fp_line (start 0.8 -0.4) (end 0.8 0.4) (layer F.Fab) (width 0.1))
    (fp_line (start -0.8 -0.4) (end 0.8 -0.4) (layer F.Fab) (width 0.1))
    (fp_line (start -0.8 0.4) (end -0.8 -0.4) (layer F.Fab) (width 0.1))
    (pad 2 smd roundrect (at 0.7875 0 270) (size 0.875 0.95) (layers F.Cu F.Paste F.Mask) (roundrect_rratio 0.25)
      (net 6 GNDA))
    (pad 1 smd roundrect (at -0.7875 0 270) (size 0.875 0.95) (layers F.Cu F.Paste F.Mask) (roundrect_rratio 0.25)
      (net 7 /VDDD))
    (model ${KISYS3DMOD}/Capacitor_SMD.3dshapes/C_0603_1608Metric.wrl
      (at (xyz 0 0 0))
      (scale (xyz 1 1 1))
      (rotate (xyz 0 0 0))
    )
  )

  (module Capacitor_SMD:C_0603_1608Metric (layer B.Cu) (tedit 5B301BBE) (tstamp 5E2008E6)
    (at 79.38835 93.846236 90)
    (descr "Capacitor SMD 0603 (1608 Metric), square (rectangular) end terminal, IPC_7351 nominal, (Body size source: http://www.tortai-tech.com/upload/download/2011102023233369053.pdf), generated with kicad-footprint-generator")
    (tags capacitor)
    (path /5E37AF48)
    (attr smd)
    (fp_text reference C8 (at 0 1.43 90) (layer B.SilkS)
      (effects (font (size 1 1) (thickness 0.15)) (justify mirror))
    )
    (fp_text value 100n (at 0 -1.43 90) (layer B.Fab)
      (effects (font (size 1 1) (thickness 0.15)) (justify mirror))
    )
    (fp_text user %R (at 0 0 90) (layer B.Fab)
      (effects (font (size 0.4 0.4) (thickness 0.06)) (justify mirror))
    )
    (fp_line (start 1.48 -0.73) (end -1.48 -0.73) (layer B.CrtYd) (width 0.05))
    (fp_line (start 1.48 0.73) (end 1.48 -0.73) (layer B.CrtYd) (width 0.05))
    (fp_line (start -1.48 0.73) (end 1.48 0.73) (layer B.CrtYd) (width 0.05))
    (fp_line (start -1.48 -0.73) (end -1.48 0.73) (layer B.CrtYd) (width 0.05))
    (fp_line (start -0.162779 -0.51) (end 0.162779 -0.51) (layer B.SilkS) (width 0.12))
    (fp_line (start -0.162779 0.51) (end 0.162779 0.51) (layer B.SilkS) (width 0.12))
    (fp_line (start 0.8 -0.4) (end -0.8 -0.4) (layer B.Fab) (width 0.1))
    (fp_line (start 0.8 0.4) (end 0.8 -0.4) (layer B.Fab) (width 0.1))
    (fp_line (start -0.8 0.4) (end 0.8 0.4) (layer B.Fab) (width 0.1))
    (fp_line (start -0.8 -0.4) (end -0.8 0.4) (layer B.Fab) (width 0.1))
    (pad 2 smd roundrect (at 0.7875 0 90) (size 0.875 0.95) (layers B.Cu B.Paste B.Mask) (roundrect_rratio 0.25)
      (net 2 GND))
    (pad 1 smd roundrect (at -0.7875 0 90) (size 0.875 0.95) (layers B.Cu B.Paste B.Mask) (roundrect_rratio 0.25)
      (net 7 /VDDD))
    (model ${KISYS3DMOD}/Capacitor_SMD.3dshapes/C_0603_1608Metric.wrl
      (at (xyz 0 0 0))
      (scale (xyz 1 1 1))
      (rotate (xyz 0 0 0))
    )
  )

  (module Capacitor_SMD:C_0603_1608Metric (layer B.Cu) (tedit 5B301BBE) (tstamp 5E200D09)
    (at 71.76835 86.226236)
    (descr "Capacitor SMD 0603 (1608 Metric), square (rectangular) end terminal, IPC_7351 nominal, (Body size source: http://www.tortai-tech.com/upload/download/2011102023233369053.pdf), generated with kicad-footprint-generator")
    (tags capacitor)
    (path /5E38FC6D)
    (attr smd)
    (fp_text reference C9 (at 0 1.43) (layer B.SilkS)
      (effects (font (size 1 1) (thickness 0.15)) (justify mirror))
    )
    (fp_text value 100n (at 0 -1.43) (layer B.Fab)
      (effects (font (size 1 1) (thickness 0.15)) (justify mirror))
    )
    (fp_text user %R (at 0 0) (layer B.Fab)
      (effects (font (size 0.4 0.4) (thickness 0.06)) (justify mirror))
    )
    (fp_line (start 1.48 -0.73) (end -1.48 -0.73) (layer B.CrtYd) (width 0.05))
    (fp_line (start 1.48 0.73) (end 1.48 -0.73) (layer B.CrtYd) (width 0.05))
    (fp_line (start -1.48 0.73) (end 1.48 0.73) (layer B.CrtYd) (width 0.05))
    (fp_line (start -1.48 -0.73) (end -1.48 0.73) (layer B.CrtYd) (width 0.05))
    (fp_line (start -0.162779 -0.51) (end 0.162779 -0.51) (layer B.SilkS) (width 0.12))
    (fp_line (start -0.162779 0.51) (end 0.162779 0.51) (layer B.SilkS) (width 0.12))
    (fp_line (start 0.8 -0.4) (end -0.8 -0.4) (layer B.Fab) (width 0.1))
    (fp_line (start 0.8 0.4) (end 0.8 -0.4) (layer B.Fab) (width 0.1))
    (fp_line (start -0.8 0.4) (end 0.8 0.4) (layer B.Fab) (width 0.1))
    (fp_line (start -0.8 -0.4) (end -0.8 0.4) (layer B.Fab) (width 0.1))
    (pad 2 smd roundrect (at 0.7875 0) (size 0.875 0.95) (layers B.Cu B.Paste B.Mask) (roundrect_rratio 0.25)
      (net 2 GND))
    (pad 1 smd roundrect (at -0.7875 0) (size 0.875 0.95) (layers B.Cu B.Paste B.Mask) (roundrect_rratio 0.25)
      (net 7 /VDDD))
    (model ${KISYS3DMOD}/Capacitor_SMD.3dshapes/C_0603_1608Metric.wrl
      (at (xyz 0 0 0))
      (scale (xyz 1 1 1))
      (rotate (xyz 0 0 0))
    )
  )

  (module Capacitor_SMD:C_0603_1608Metric (layer B.Cu) (tedit 5B301BBE) (tstamp 5E2007C6)
    (at 80.65835 86.226236 270)
    (descr "Capacitor SMD 0603 (1608 Metric), square (rectangular) end terminal, IPC_7351 nominal, (Body size source: http://www.tortai-tech.com/upload/download/2011102023233369053.pdf), generated with kicad-footprint-generator")
    (tags capacitor)
    (path /5E39078E)
    (attr smd)
    (fp_text reference C10 (at 0 1.43 270) (layer B.SilkS)
      (effects (font (size 1 1) (thickness 0.15)) (justify mirror))
    )
    (fp_text value 100n (at 0 -1.43 270) (layer B.Fab)
      (effects (font (size 1 1) (thickness 0.15)) (justify mirror))
    )
    (fp_text user %R (at 0 0 270) (layer B.Fab)
      (effects (font (size 0.4 0.4) (thickness 0.06)) (justify mirror))
    )
    (fp_line (start 1.48 -0.73) (end -1.48 -0.73) (layer B.CrtYd) (width 0.05))
    (fp_line (start 1.48 0.73) (end 1.48 -0.73) (layer B.CrtYd) (width 0.05))
    (fp_line (start -1.48 0.73) (end 1.48 0.73) (layer B.CrtYd) (width 0.05))
    (fp_line (start -1.48 -0.73) (end -1.48 0.73) (layer B.CrtYd) (width 0.05))
    (fp_line (start -0.162779 -0.51) (end 0.162779 -0.51) (layer B.SilkS) (width 0.12))
    (fp_line (start -0.162779 0.51) (end 0.162779 0.51) (layer B.SilkS) (width 0.12))
    (fp_line (start 0.8 -0.4) (end -0.8 -0.4) (layer B.Fab) (width 0.1))
    (fp_line (start 0.8 0.4) (end 0.8 -0.4) (layer B.Fab) (width 0.1))
    (fp_line (start -0.8 0.4) (end 0.8 0.4) (layer B.Fab) (width 0.1))
    (fp_line (start -0.8 -0.4) (end -0.8 0.4) (layer B.Fab) (width 0.1))
    (pad 2 smd roundrect (at 0.7875 0 270) (size 0.875 0.95) (layers B.Cu B.Paste B.Mask) (roundrect_rratio 0.25)
      (net 2 GND))
    (pad 1 smd roundrect (at -0.7875 0 270) (size 0.875 0.95) (layers B.Cu B.Paste B.Mask) (roundrect_rratio 0.25)
      (net 7 /VDDD))
    (model ${KISYS3DMOD}/Capacitor_SMD.3dshapes/C_0603_1608Metric.wrl
      (at (xyz 0 0 0))
      (scale (xyz 1 1 1))
      (rotate (xyz 0 0 0))
    )
  )

  (module Capacitor_SMD:C_0603_1608Metric (layer B.Cu) (tedit 5B301BBE) (tstamp 5E200886)
    (at 70.49835 93.846236 90)
    (descr "Capacitor SMD 0603 (1608 Metric), square (rectangular) end terminal, IPC_7351 nominal, (Body size source: http://www.tortai-tech.com/upload/download/2011102023233369053.pdf), generated with kicad-footprint-generator")
    (tags capacitor)
    (path /5E390F6D)
